KOL_DC_01
the_austrian_question
capital_city_economic_development
ger=sudetenland_accepted
332=pol
460=pol
fra
fra_r
czsl=slo_z
ming
125
2.0
75
4.5
35
3
7500
8.2
100
24.0
75
0;1;2;3;4;
fra=0;1;2;3;4;
ger=czsl=646;652;647;
fra
ger
ger=atr
4
2=fra
3
3=fra
fra=spa=17.5
fra=spa=-25.65
fra
ger=pol
0=1=3=2
ger=hun
0
1
0
fra=spa
rus=swe
fra=pol
ita=ger
ita=ger
true
Zhukov
Galileo=6=4
1
3=Zhukov
1
2
Lukasz=Jakowski=223=23=06=1992
true
35
1
3
1
2
1
2
24.4
2.4
10.2
500
10.5
15
-25
-10
2.2
25
10
7.5
10.5
10.0
5.0
10
4.5
10000
10.25
25
15
25
-25
-15
-20
-15
-25
2
1
4
3
6
4
7.5
25.5
20
30.4
25
-25
-10
-15
-20
-25
-25
-13.75
-7.25
-15.4
-12.5
-7.25
25
15
25
-25
-25
-15
25
-25
1
5
-20
2
-15
75
15.4
27.2
3.5
1;124;5;11;24;6;=4.8
3.2
4.7
2.5
1;124;5;11;24;6;=3.0
1.2
1.7
3.5
1;124;5;11;24;6;=4.0
8.2
6.2
7.25
1;124;5;11;24;6;=3.0
5000
12500
2500
3
2
3
1;124;5;11;24;6;=4
27.5
45.5
15
1;124;5;11;24;6;=25.0
15.5
35.5
25.0
1;124;5;11;24;6;=-25.0
2
1
1
1;124;5;11;24;6;=1
15=16=12=36
6=24=21=0
40=25=12=4
9=20=12=96=12
0=10=15=12=24
0=20=40=18=24
0=15=5=24=12
3=15=5=24=12
4=15=5=24=12